A_h  =4.95
taper_ratio_h =0.39
lambda_h_2_rad =0.46140175089305113
S_h=28.0
b_h =11.77285012220915
Cr_h =3.422091453298205
Ct_h =1.3346156667863
A_v =1.5
lambda_v_2_rad =0.2289528029928173
S_v  =25.02741692395045
b_v =6.1270813105365
Cr_v =5.941412179914182
Ct_v =2.2280295674678183
A_c2 =4.95
lambda_c_2_rad2 =0.13068452203698272
S_c2  =35.180744495610725
b_c2 =13.19638909904043
Cr_c2 =2.962152435250377
Ct_c2 =2.369721948200302
Cr_t_c2=0.29621524352503775
A_c3 =4.95
lambda_c_2_rad3 =0.13068452203698278
S_c3  =35.18387347778334
b_c3 =13.196975930683042
Cr_c3 =2.9622841595248124
Ct_c3 =2.36982732761985
Cr_t_c3=0.2962284159524812
lh=12.598415106722893
xleMAC1=13.553616855681202
xleMAC2=19.2432168556812
xleMAC3=19.2432168556812
MAC canard 2=2.6769081266707113
MAC canard 3=2.677027166385386
lc_conf2=7.014843773277111
lc_conf3=7.014843773277111
x loc main 1 =15.06559456649425
x loc main 2 =20.75519456649425
x loc main 3 =20.75519456649425
x loc nose =2
l m 1 =-0.9934983575837517
l m 2 =-2.3769285066887527
l m 3 =-2.2037301180859536
l n 1 =12.072096208910498
l n 2 =16.378266059805497
l n 3 =16.551464448408296
L main landing gear strut =2.6617043093394015
L nose landing gear strut =2.7963243093394015
D main landing gear strut =0.19000000000000003
D nose landing gear strut =0.15
CL_clean_max=1.7551407200741977
CL_flaps_max=2.65244723859469
CL_TO=2.2839300260652653
CL_land=2.65244723859469
CL_cruise1=0.480794013882118
CL_cruise2=0.5348327256772991
CL_cruise3=0.5635638087140074
CD_cruise1=0.03869801168702241
CD_cruise2=0.04529094506708585
CD_cruise3=0.04671789816617599
z_nlg=-3.1697043093394015
z_mlg=-3.1697043093394015
mff1=0.8582733104819268
mff2=0.9076531452620995
mff3=0.8624876544722802
co2emissions 1 per pax=0.014000687579230559
co2emissions 1 requirement=33.33005914652115
co2emissions 2 per pax=0.013276323371097907
co2emissions 2 requirement=36.7794125185814
co2emissions 3 per pax=0.012819086592532529
co2emissions 3 requirement=38.95673051174987