A_h  =4.95
taper_ratio_h =0.39
lambda_h_2_rad =0.46140175089305113
S_h=17.194899048328345
b_h =9.225765566565482
Cr_h =2.6817137029476
Ct_h =1.045868344149564
A_v =1.5
lambda_v_2_rad =0.22895280299281742
S_v  =27.952964919682252
b_v =6.4752951577146955
Cr_v =6.279074092329401
Ct_v =2.354652784623525
A_c2 =3.0
lambda_c_2_rad2 =0.10189875197529173
S_c2  =35.69699237490833
b_c2 =10.348477043735711
Cr_c2 =3.8327692754576703
Ct_c2 =3.0662154203661363
Cr_t_c2=0.38327692754576703
A_c3 =3.0
lambda_c_2_rad3 =0.10189875197529173
S_c3  =35.69699237490833
b_c3 =10.348477043735711
Cr_c3 =3.8327692754576703
Ct_c3 =3.0662154203661363
Cr_t_c3=0.38327692754576703
lh=13.545510061558243
xleMAC1=12.548618726528197
xleMAC2=18.238218726528196
xleMAC3=18.238218726528196
lc_conf2=6.0677488184417605
lc_conf3=6.0677488184417605
CL_TO=2.245
CL_land=2.68
CL_cruise1=0.4985634724931096
CL_cruise2=0.5219190727836626
CL_cruise3=0.5802963126958977
Cd_cruise1=0.0413065350414819
Cd_cruise2=0.04302879170005855
Cd_cruise3=0.04674769859903955
CL_clean_max=1.8165700156514082
CL_flaps_max=2.680871041985605
A=9.5
S=132.21108287003085
b=35.44016488767078
l_cutout=5.6895999999999995
l fuselage 1=30.125843200000002
l cabin 1=20.230400000000003
l fuselage extended=35.815443200000004
l cabin extended=25.92
mff1=0.8667054212679985
mff2=0.9175010082772646
mff3=0.8699197310400542
co2emissions 1 per pax=0.016693163615017576
co2emissions 1 requirement=20.5087446903925
co2emissions 2 per pax=0.013425064171299619
co2emissions 2 requirement=36.07112299381134
co2emissions 3 per pax=0.014399533844917106
co2emissions 3 requirement=31.430791214680454
