A_h  =4.95
taper_ratio_h =0.39
lambda_h_2_rad =0.46140175089305113
S_h=11.964195066385455
b_h =7.695632890062259
Cr_h =2.2369400160053075
Ct_h =0.8724066062420699
A_v =1.5
lambda_v_2_rad =0.2289528029928173
S_v  =25.33736252053676
b_v =6.164904198834329
Cr_v =5.978088920081774
Ct_v =2.2417833450306652
A_c2 =4.95
lambda_c_2_rad2 =0.13068452203698272
S_c2  =29.261275465787854
b_c2 =12.035086769759904
Cr_c2 =2.701478511730618
Ct_c2 =2.1611828093844947
Cr_t_c2=0.27014785117306184
A_c3 =4.95
lambda_c_2_rad3 =0.13068452203698278
S_c3  =29.256386468242418
b_c3 =12.034081311749558
Cr_c3 =2.70125281969687
Ct_c3 =2.1610022557574964
Cr_t_c3=0.27012528196968705
lh=12.974355059115664
xleMAC1=13.169813613312819
xleMAC2=18.859413613312817
xleMAC3=18.859413613312817
MAC canard 2=2.441336136526929
MAC canard 3=2.441132177800135
lc_conf2=6.638903820884339
lc_conf3=6.638903820884339
x loc main 1 =14.890011806254964
x loc main 2 =20.579611806254963
x loc main 3 =20.579611806254963
x loc nose =2
l m 1 =-1.0041440653788918
l m 2 =-2.3820042648379385
l m 3 =-2.207412437915668
l n 1 =11.885867740876073
l n 2 =16.197607541417025
l n 3 =16.372199368339295
L main landing gear strut =2.698342490851277
L nose landing gear strut =2.832962490851277
D main landing gear strut =0.19000000000000003
D nose landing gear strut =0.15
CL_clean_max=1.693882245892686
CL_flaps_max=2.670020539960237