A_h  =4.95
taper_ratio_h =0.39
lambda_h_2_rad =0.46140175089305113
S_h=12.68386290295726
b_h =7.923706289965476
Cr_h =2.3032356049605336
Ct_h =0.8982618859346081
A_v =1.5
lambda_v_2_rad =0.2289528029928173
S_v  =27.43861074613468
b_v =6.415443563714205
Cr_v =6.221036182995594
Ct_v =2.3328885686233476
A_c2 =3.0
lambda_c_2_rad2 =0.10189875197529173
S_c2  =29.18614109446103
b_c2 =9.35726580168497
Cr_c2 =3.4656540006240637
Ct_c2 =2.772523200499251
Cr_t_c2=0.3465654000624064
A_c3 =3.0
lambda_c_2_rad3 =0.10189875197529173
S_c3  =29.18614109446103
b_c3 =9.35726580168497
Cr_c3 =3.4656540006240637
Ct_c3 =2.772523200499251
Cr_t_c3=0.3465654000624064
lh=13.251088102210385
xleMAC1=12.863735046400512
xleMAC2=18.553335046400512
xleMAC3=18.553335046400512
MAC canard 2=3.1319243561195242
MAC canard 3=3.1319243561195242
lc_conf2=6.362170777789618
lc_conf3=6.362170777789618
x loc main 1 =14.829095416489194
x loc main 2 =20.518695416489194
x loc main 3 =20.518695416489194
x loc nose =2
l m 1 =-1.0078374694721948
l m 2 =-6.697437469472195
l m 3 =-6.697437469472195
l n 1 =11.821257947017
l n 2 =16.098243955109268
l n 3 =16.267139179019583
L main landing gear strut =2.688537023028064
L nose landing gear strut =2.823157023028064
D main landing gear strut =0.19000000000000003
D nose landing gear strut =0.15
CL_clean_max=1.6938327304756526
CL_flaps_max=2.672012292806717
CL_TO=2.245
CL_land=2.68
CL_cruise1=0.4772627584129273
CL_cruise2=0.5193097278474811
CL_cruise3=0.5477139851971855
CD_cruise1=0.03618961526370623
CD_cruise2=0.04144493656928483
CD_cruise3=0.04267260145628994
z_nlg=-3.196537023028064
z_mlg=-3.196537023028064
A=9.5
S=126.89626562809143
b=34.72052020731931
l_cutout=5.6895999999999995
l fuselage 1=30.125843200000002
l cabin 1=20.230400000000003
l fuselage extended=35.815443200000004
l cabin extended=25.92
mff1=0.8754700304857221
mff2=0.9176359812826874
mff3=0.8694874778406716
co2emissions 1 per pax=0.013485506997792503
co2emissions 1 requirement=35.7833000105119
co2emissions 2 per pax=0.012517862526075426
co2emissions 2 requirement=40.39113082821226
co2emissions 3 per pax=0.012568939325637386
co2emissions 3 requirement=40.147907973155306
