A_h  =4.95
taper_ratio_h =0.39
lambda_h_2_rad =0.46140175089305113
S_h=11.804027075592344
b_h =7.643947541956454
Cr_h =2.221916297349452
Ct_h =0.8665473559662863
A_v =1.5
lambda_v_2_rad =0.22895280299281742
S_v  =25.442543141882005
b_v =6.177686841595567
Cr_v =5.990484210032064
Ct_v =2.246431578762024
A_c2 =3.0
lambda_c_2_rad2 =0.10189875197529173
S_c2  =26.982035800985738
b_c2 =8.997005468652178
Cr_c2 =3.332224247648955
Ct_c2 =2.6657793981191644
Cr_t_c2=0.33322242476489555
A_c3 =3.0
lambda_c_2_rad3 =0.10189875197529173
S_c3  =26.986000992480268
b_c3 =8.997666529575366
Cr_c3 =3.3324690850279133
Ct_c3 =2.665975268022331
Cr_t_c3=0.3332469085027914
lh=13.256255028897927
xleMAC1=12.882714327616531
xleMAC2=18.57231432761653
xleMAC3=18.57231432761653
MAC canard 2=3.011343394171649
MAC canard 3=3.011564654617818
lc_conf2=6.3570038511020766
lc_conf3=6.3570038511020766
x loc main 1 =14.797449080120263
x loc main 2 =20.48704908012026
x loc main 3 =20.48704908012026
x loc nose =2
l m 1 =-1.0097562093832835
l m 2 =-2.397190181209865
l m 3 =-2.2257231769081613
l n 1 =11.78769287073698
l n 2 =16.089858898910396
l n 3 =16.2613259032121
L main landing gear strut =2.7210825325415042
L nose landing gear strut =2.855702532541504
D main landing gear strut =0.19000000000000003
D nose landing gear strut =0.15
CL_clean_max=1.6969289078168122
CL_flaps_max=2.670557172760322
CL_TO=2.1630720464081072
CL_land=2.670557172760322
CL_cruise1=0.47804370914169053
CL_cruise2=0.523559935139902
CL_cruise3=0.5528299690919208
CD_cruise1=0.03713190208680373
CD_cruise2=0.04235546295688817
CD_cruise3=0.043640334638403167
z_nlg=-3.2290825325415042
z_mlg=-3.2290825325415042
mff1=0.8703352329615669
mff2=0.9183433374677511
mff3=0.8699327953314783
co2emissions 1 per pax=0.013647466796447459
co2emissions 1 requirement=35.01206287405972
co2emissions 2 per pax=0.012035799268454578
co2emissions 2 requirement=42.6866701502163
co2emissions 3 per pax=0.01216619394234625
co2emissions 3 requirement=42.06574313168453
