A_h  =4.95
taper_ratio_h =0.39
lambda_h_2_rad =0.46140175089305113
S_h=21.76194424040708
b_h =10.378902831706974
Cr_h =3.0169036644740856
Ct_h =1.1765924291448935
A_v =1.5
lambda_v_2_rad =0.22895280299281742
S_v  =27.952964919682252
b_v =6.4752951577146955
Cr_v =6.279074092329401
Ct_v =2.354652784623525
A_c2 =3.0
lambda_c_2_rad2 =0.10189875197529173
S_c2  =46.273879004510796
b_c2 =11.782259418869216
Cr_c2 =4.363799784766377
Ct_c2 =3.4910398278131023
Cr_t_c2=0.4363799784766378
A_c3 =3.0
lambda_c_2_rad3 =0.10189875197529173
S_c3  =46.273879004510796
b_c3 =11.782259418869216
Cr_c3 =4.363799784766377
Ct_c3 =3.4910398278131023
Cr_t_c3=0.4363799784766378
lh=13.00444991768644
xleMAC1=13.0896788704
xleMAC2=18.7792788704
xleMAC3=18.7792788704
lc_conf2=6.608808962313564
lc_conf3=6.608808962313564
CL_TO=2.215
CL_land=2.66
CL_cruise1=0.4985634724931096
CL_cruise2=0.5219190727836626
CL_cruise3=0.5802963126958977
Cd_cruise1=0.0413065350414819
Cd_cruise2=0.04302879170005855
Cd_cruise3=0.04674769859903955
A=9.5
S=132.21108287003085
b=35.44016488767078
l_cutout=5.6895999999999995
l fuselage 1=30.125843200000002
l cabin 1=20.230400000000003
l fuselage extended=35.815443200000004
l cabin extended=25.92
mff1=0.8671129569197487
mff2=0.9180333011040266
mff3=0.8707912564954988
co2emissions 1 per pax=0.016683980949029356
co2emissions 1 requirement=20.552471671288785
co2emissions 2 per pax=0.01341083972131853
co2emissions 2 requirement=36.13885846991176
co2emissions 3 per pax=0.014396490159230321
co2emissions 3 requirement=31.445284956046095
