A_h  =4.95
taper_ratio_h =0.39
lambda_h_2_rad =0.46140175089305113
S_h=12.736971135874501
b_h =7.940277521760734
Cr_h =2.30805247344255
Ct_h =0.9001404646425946
A_v =1.5
lambda_v_2_rad =0.2289528029928173
S_v  =27.230549857723517
b_v =6.391073836733955
Cr_v =6.197404932590502
Ct_v =2.3240268497214385
A_c2 =3.0
lambda_c_2_rad2 =0.10189875197529173
S_c2  =26.815402706195854
b_c2 =8.969181017160238
Cr_c2 =3.3219188952445324
Ct_c2 =2.657535116195626
Cr_t_c2=0.3321918895244533
A_c3 =3.0
lambda_c_2_rad3 =0.10189875197529173
S_c3  =26.822959810321137
b_c3 =8.9704447733077
Cr_c3 =3.322386953076925
Ct_c3 =2.6579095624615405
Cr_t_c3=0.33223869530769257
lh=13.424914217474559
xleMAC1=12.689908931136339
xleMAC2=18.37950893113634
xleMAC3=18.37950893113634
MAC canard 2=3.0020304090358
MAC canard 3=3.002453394632481
lc_conf2=6.188344662525445
lc_conf3=6.188344662525445
x loc main 1 =14.744515733951976
x loc main 2 =20.434115733951977
x loc main 3 =20.434115733951977
x loc nose =2
l m 1 =-1.0129655958581214
l m 2 =-2.4072096534260154
l m 3 =-2.2395918179458825
l n 1 =11.731550138093855
l n 2 =16.02690608052596
l n 3 =16.194523916006094
L main landing gear strut =2.73856450555549
L nose landing gear strut =2.87318450555549
D main landing gear strut =0.19000000000000003
D nose landing gear strut =0.15
CL_clean_max=1.7098286395459938
CL_flaps_max=2.6844229230750822
CL_TO=2.118749641925012
CL_land=2.6844229230750822
CL_cruise1=0.4772627584129273
CL_cruise2=0.5193097278474811
CL_cruise3=0.5477139851971855
CD_cruise1=0.03654157573219266
CD_cruise2=0.04192401835139982
CD_cruise3=0.04315507276899695
z_nlg=-3.24656450555549
z_mlg=-3.24656450555549
mff1=0.8744253395572794
mff2=0.92122625229399
mff3=0.8724511764303788
co2emissions 1 per pax=0.014100522232292037
co2emissions 1 requirement=32.85465603670459
co2emissions 2 per pax=0.012380512753580576
co2emissions 2 requirement=41.04517736390202
co2emissions 3 per pax=0.012568120416240709
co2emissions 3 requirement=40.151807541710916
