A_h  =4.95
taper_ratio_h =0.39
lambda_h_2_rad =0.46140175089305113
S_h=17.88009425634207
b_h =9.407787549094273
Cr_h =2.734623224793045
Ct_h =1.0665030576692875
A_v =1.5
lambda_v_2_rad =0.2289528029928173
S_v  =28.925587983591807
b_v =6.586985803490676
Cr_v =6.387380173081868
Ct_v =2.3952675649057005
A_c2 =3.0
lambda_c_2_rad2 =0.10189875197529173
S_c2  =25.379253125618288
b_c2 =8.72569535205389
Cr_c2 =3.231739019279219
Ct_c2 =2.585391215423375
Cr_t_c2=0.3231739019279219
A_c3 =3.0
lambda_c_2_rad3 =0.10189875197529173
S_c3  =25.379253125618288
b_c3 =8.72569535205389
Cr_c3 =3.231739019279219
Ct_c3 =2.585391215423375
Cr_t_c3=0.3231739019279219
lh=11.374248070848507
xleMAC1=14.74057507776239
xleMAC2=20.43017507776239
xleMAC3=20.43017507776239
MAC canard 2=2.9205345211264055
MAC canard 3=2.9205345211264055
lc_conf2=8.239010809151496
lc_conf3=8.239010809151496
x loc main 1 =15.657599904994907
x loc main 2 =21.347199904994905
x loc main 3 =21.347199904994905
x loc nose =2
l m 1 =-0.9576046523119306
l m 2 =-6.647204652311929
l m 3 =-6.647204652311929
l n 1 =12.699995252682976
l n 2 =16.988370039499983
l n 3 =17.188858744425602
L main landing gear strut =2.515829586293708
L nose landing gear strut =2.650449586293708
D main landing gear strut =0.19000000000000003
D nose landing gear strut =0.15
CL_clean_max=1.700364913838192
CL_flaps_max=2.6695123507137257
CL_TO=2.245
CL_land=2.68
CL_cruise1=0.4772627584129273
CL_cruise2=0.5193097278474811
CL_cruise3=0.5477139851971855
CD_cruise1=0.03645447006889208
CD_cruise2=0.04139285127764016
CD_cruise3=0.04265354884820224
z_nlg=-3.023829586293708
z_mlg=-3.023829586293708
A=9.5
S=126.89626562809143
b=34.72052020731931
l_cutout=5.6895999999999995
l fuselage 1=30.125843200000002
l cabin 1=20.230400000000003
l fuselage extended=35.815443200000004
l cabin extended=25.92
mff1=0.8745902342417119
mff2=0.9173448288032432
mff3=0.8725242450326618
co2emissions 1 per pax=0.013842513392391667
co2emissions 1 requirement=34.08326956003969
co2emissions 2 per pax=0.012540660723609915
co2emissions 2 requirement=40.28256798280994
co2emissions 3 per pax=0.01256416834302078
co2emissions 3 requirement=40.17062693799629
